dense1: 590.554 3.743 24.1646
dense2: 552.7465 6.2992 22.6914
dense3: 527.0325 1.3614 18.5513
room1: 542.2352 4.4633 19.7941
room2: 693.1341 5.0119 25.2125
room3: 665.5465 7.1729 27.4091
trap: 581.8787 3.492 22.3635
trap2: 608.4414 7.0855 31.1187
trap3: 568.1741 3.677 20.5061
maze1: 1029.969 3.9799 44.0871
------------------------------
dense1: 641.6644 5.3775 24.1859
dense2: 553.4395 4.8131 18.3973 
dense3: 796.7165 9.8436 33.6721 
room1: 982.4588 10.5517 46.4985 
room2: 753.4262 6.9999 34.5285 
room3: 597.1243 8.8589 20.3312 
trap: 591.7064 3.5966 27.1361 
trap2: 593.7889 5.0157 24.3884 
trap3: 581.3125 4.4187 20.6041 
maze1: 1030.995 4.2072 43.97
