room1: 596.4481 11.1701 14.7959 
room2: 687.7732 6.4021 19.6837 
room3: 621.3154 7.2389 22.2727 
room4: 568.1137 6.016 11.5979 
room5: 576.8224 5.9975 11.8195 
room6: 1047.3046 9.1364 25.0498 
room7: 608.6788 6.1536 18.576
room8: 678.5294 9.6149 16.2362 
room9: 967.7376 7.9054 19.5128 
room10: 1225.6773 5.9242 28.7842 
room11: 622.2205 8.0262 7.7496 
room12: 595.0483 7.302 10.295 
room13: 584.0959 9.3075 11.5751 
room14: 602.1899 8.8864 11.7713 
room15: 622.445 9.6024 13.1173 
room16: 773.3802 16.1695 15.6681 
room17: 643.5999 8.1191 14.0037 
room18: 660.1422 9.4547 10.3382 Fail 
room19: 795.461 7.521 15.8795 
room20: 664.4135 5.8386 14.2995
