room1: 596.4481 11.1701 20.4139 
room2: 687.7732 6.4021 28.2763 
room3: 621.3154 7.2389 29.0799 
room4: 568.1137 6.016 15.0893 
room5: 576.8224 5.9975 15.5858 
room6: 1047.3046 9.1364 36.0816 
room7: 608.6788 6.1536 24.4254 
room8: 678.5294 9.6149 22.1105 
room9: 967.7376 7.9054 27.0856 
room10: 1225.6773 5.9242 40.9766 
room11: 622.2205 8.0262 9.8357 
room12: 595.0483 7.302 13.3289 
room13: 584.0959 9.3075 14.7258 
room14: 602.1899 8.8864 15.5504 
room15: 622.445 9.6024 17.3051 
room16: 773.3802 16.1695 20.9798 
room17: 643.5999 8.1191 19.0109 
room18: 795.461 7.521 21.5482 
room19: 664.4135 5.8386 19.0285 
room20: 623.7491 8.6265 20.0345 
