dense1: 671.9408 15.4626 18.6959 
dense2: 539.0126 5.5816 9.6856 
dense3: 554.3483 8.6906 14.3526 
dense4: 705.0553 13.3379 10.3559 
dense5: 608.045 9.4367 20.0126 
dense6: 1216.9115 10.4434 25.6538 
dense7: 523.2406 6.8657 8.6395 
dense5: 608.045 9.4367 15.2586 
dense5: 608.045 9.4367 15.3905 
dense5: 608.045 9.4367 18.9476 
dense5: 608.045 9.4367 18.8954 
dense5: 608.045 9.4367 15.2538 
dense5: 608.045 9.4367 15.2694 
dense1: 671.9408 15.4626 14.8912 
dense2: 539.0126 5.5816 8.8319 
dense3: 554.3483 8.6906 11.7244 
dense4: 705.0553 13.3379 9.0103 
dense5: 608.045 9.4367 18.1147 
dense6: 1216.9115 10.4434 22.4389 
dense7: 523.2406 6.8657 7.8496 
dense8: 1192.2357 10.8324 29.4075 
dense9: 568.4965 6.1147 7.8562 
dense10: 1063.9114 13.9017 22.3758 
dense11: 534.1585 7.1001 6.6428 
dense12: 580.7658 9.508 12.1056 
dense13: 628.2441 14.721 13.2279 
dense14: 506.2308 4.7241 6.5747 
