dense1: 671.9408 15.4626 13.9025 
dense2: 539.0126 5.5816 7.6369 
dense3: 554.3483 8.6906 10.8319 
dense4: 705.0553 13.3379 8.0553 
dense5: 608.045 9.4367 15.2373 
dense6: 1216.9115 10.4434 18.6882 
dense7: 523.2406 6.8657 6.7594 
dense8: 1192.2357 10.8324 24.9825 
dense9: 568.4965 6.1147 7.0061 
dense10: 1063.9114 13.9017 18.4612 
dense11: 534.1585 7.1001 6.0572 
dense12: 580.7658 9.508 11.1742 
dense13: 628.2441 14.721 11.7509 
dense14: 506.2307 4.8194 5.9117 
dense15: 579.7643 7.0531 14.833 
dense16: 540.0183 5.457 6.0743 
dense17: 559.0939 12.7581 7.7451 
dense18: 516.734 4.8307 7.7352 
dense19: 540.7993 9.3069 13.6547 
dense20: 486.2785 1.1279 4.1893 
