maze1: 1111.6873 8.6841 19.4543 
maze2: 1204.2462 7.8812 20.5573 
maze3: 1647.8639 11.0067 29.8199 
maze4: 2178.3193 6.2412 58.7726 
maze5: 972.8142 6.2724 18.6221 
maze6: 1336.5448 5.1164 22.2318 
maze7: 1777.2533 7.6233 27.4037 
maze8: 932.811 7.8297 11.7462 
maze9: 1728.1132 8.6038 29.9705 
maze10: 1705.6083 5.5922 34.816 
maze11: 609.2177 7.9614 16.2699 
maze12: 672.7442 6.9133 19.1177 
maze13: 1076.4337 4.9394 30.3882 
maze14: 665.3725 11.4804 9.7332 
maze15: 581.7787 8.9947 12.0192 Fail 
maze16: 974.2469 9.0438 28.7253 Fail 
maze17: 861.0171 5.4776 16.0115 
maze18: 952.9346 5.9302 22.3233 
maze19: 726.3821 4.8856 22.766 
maze20: 619.8163 8.8207 14.4136 
