maze1: 1111.6873 8.6841 27.1241 
maze2: 1204.2462 7.8812 28.9634 
maze3: 1647.8639 11.0067 43.1754 
maze4: 2178.3193 6.2412 94.482 
maze5: 972.8142 6.2724 25.9728 
maze6: 1336.5448 5.1164 31.7337 
maze7: 1777.2533 7.6233 40.9482 
maze8: 932.811 7.8297 15.5209 
maze9: 1728.1132 8.6038 43.9664 
maze10: 1705.6083 5.5922 51.8841 
maze11: 609.2177 7.9614 22.4871 
maze12: 672.7442 6.9133 27.0839 
maze13: 1076.4337 4.9394 45.1138 
maze14: 665.3725 11.4804 12.6827 
maze15: 535.782 9.9537 13.617 
maze16: 580.6189 9.9278 15.9119 
maze17: 861.0171 5.4776 22.0323 
maze18: 952.9346 5.9302 32.0829 
maze19: 726.3821 4.8856 32.668 
maze20: 619.8163 8.8207 19.3315 
