real0: 413.973 0.0 0.6236 
real0: 510.22 3.8093 4.0644 
real0: 413.973 0.0 0.6285 
real1: 522.268 2.8896 3.913 
real2: 510.22 3.8093 4.0637 
real2: 510.22 3.8093 4.0519 
real1: 604.5746 6.2466 18.9282 
real1: 604.5746 6.2466 18.765 
real2: 865.641 9.4832 33.981 Fail 
real2: 843.231 9.5956 39.8768 
real2: 843.231 9.5956 39.9214 
real2: 865.641 9.4832 34.1296 Fail 
real2: 843.231 9.5956 39.734 
real3: 735.6563 6.1053 31.9248 
real3: 735.6563 6.1053 31.8029 
real4: 598.9233 8.825 21.1279 Fail 
real4: 553.933 6.8048 19.415 Fail 
real4: 571.0668 7.0241 19.5627 
real4: 870.8196 12.3646 35.1693 Fail 
real4: 871.1071 12.2745 35.0281 
real5: 680.9311 8.3815 29.3089 
real5: 680.9311 8.3815 29.3739 
real5: 680.9311 8.3815 29.3312 
real5: 666.9742 7.4404 21.8676 
real5: 683.9822 8.4419 29.1388 
real6: 620.5195 7.4483 18.8668 Fail 
real7: 413.973 0.0 0.6308 
real7: 820.5416 9.1138 24.3048 
real7: 820.5416 9.1138 24.216 
real7: 820.5416 9.1138 24.3668 
real4: 871.1071 12.2745 37.8133 
real1: 604.5746 6.2466 25.4173 
real1: 604.5746 6.2466 19.1824 
real1: 604.5746 6.2466 22.6822 
real1: 604.5746 6.2466 19.2168 
real7: 820.5416 9.1138 43.6444 
