trap1: 603.7071 5.8484 7.8759 
trap2: 747.1348 10.3316 9.5674 
trap3: 711.6711 14.6243 10.185 
trap4: 555.3248 8.0984 10.7965 
trap5: 710.8802 2.4655 16.0237 
trap6: 591.8053 10.8865 7.7541 
trap7: 692.2593 10.5858 10.1885 Fail
trap8: 749.4973 5.934 15.2496 
trap9: 822.5326 7.1965 23.4264
trap10: 610.268 7.2857 7.7901

# Before automation
trap1: 603.7071 5.8484 7.8373 
trap2: 714.1878 15.2305 7.7753 
trap3: 711.6711 14.6243 10.124 
trap4: 555.3146 8.4059 10.7854 
trap5: 710.8802 2.4655 16.0066 
trap6: 610.8195 12.9563 7.697 
trap7: 709.7832 10.1982 11.0278 
trap8: 757.8418 6.8239 14.5342 
trap9: 822.0838 6.8781 23.4134 
trap10: 610.268 7.2857 7.779 
# After automation
trap1: 603.7071 5.8484 0.1041 
trap2: 714.1878 15.2305 0.1032 
trap3: 711.6711 14.6243 0.1082 
trap4: 555.3146 8.4059 0.1035 
trap5: 710.8802 2.4655 0.1038 
trap6: 610.8195 12.9563 0.1034 
trap7: 709.7832 10.1982 0.1021 
trap8: 757.8418 6.8239 0.1034 
trap9: 822.0838 6.8781 0.1077 
trap10: 610.268 7.2857 0.1026 
