trap1: 603.7071 5.8484 7.9317 
trap2: 714.1878 15.2305 7.8826 
trap3: 711.6711 14.6243 10.3469 
trap4: 555.3146 8.4059 10.8126 
trap5: 710.8802 2.4655 16.0459 
trap6: 610.8195 12.9563 7.7477 
trap7: 709.7832 10.1982 11.1074 
trap8: 757.8418 6.8239 14.6518 
trap9: 822.0838 6.8781 23.5833 
trap10: 610.268 7.2857 7.8321 
trap11: 539.8157 5.7684 4.2575 
trap12: 521.274 3.501 4.1249 
trap13: 641.667 6.2264 10.5276 
trap14: 726.4039 13.5802 10.2461 
trap15: 541.1809 4.1296 7.4116 
trap16: 844.7645 8.8281 10.7181 
trap17: 757.9557 9.2457 9.5959 
trap18: 776.0671 7.3145 6.4385 
trap19: 615.498 9.8722 6.733 
trap20: 630.2236 6.1973 9.7623 
